<div class="post-text" itemprop="text">
<p>I have a 2D array filled with values. To multiply every element inside a 1D array, you can use list comprehensions. Yet I'm uncertain how to formulate the list comprehension to work over a 2D array.</p>
<pre><code>R = [[0, 0.94, 0.91, 0.96, 0.93, 0.92],
    [0.94, 0, 0.94, 0.97, 0.91, 0.92],
    [0.91, 0.94, 0, 0.94, 0.90, 0.94],
    [0.96, 0.97, 0.94, 0, 0.93, 0.96],
    [0.93, 0.91, 0.90, 0.93, 0, 0.91],
    [0.92, 0.92, 0.94, 0.96, 0.91, 0]]

RNeg = [[i*(-1) for i in R]]
</code></pre>
<p>How do I fix RNeg to perform the correct operation?</p>
</div>
<div class="post-text" itemprop="text">
<pre><code>numpy.array(R) * -1
</code></pre>
<p>is the easiest</p>
<p>if you have to do it by hand</p>
<p><code>[[val*-1 for val in row] for row in R]</code></p>
</div>
